# points_basic square

x = [...
0.0, ...
0.5, ...
1.0, ...
1.5, ...
2.0, ...
2.5, ...
3.0, ...
3.5, ...
4.0, ...
4.5, ...
4.5, ...
4.5, ...
4.5, ...
4.5, ...
4.5, ...
4.5, ...
4.5, ...
4.5, ...
4.5, ...
4.5, ...
4.5, ...
4.0, ...
3.5, ...
3.0, ...
2.5, ...
2.0, ...
1.5, ...
1.0, ...
0.5, ...
0.0, ...
0.0, ...
0.0, ...
0.0, ...
0.0, ...
0.0, ...
0.0, ...
0.0, ...
0.0, ...
0.0, ...
0.0 ...
];

y = [...
  0.00, ...
  0.00, ...
  0.00, ...
  0.00, ...
  0.00, ...
  0.00, ...
  0.00, ...
  0.00, ...
  0.00, ...
  0.00, ...
  0.00, ...
 -0.75, ...
 -1.50, ...
 -2.25, ...
 -3.00, ...
 -3.75, ...
 -4.50, ...
 -5.25, ...
 -6.00, ...
 -6.75, ...
 -6.75, ...
 -6.75, ...
 -6.75, ...
 -6.75, ...
 -6.75, ...
 -6.75, ...
 -6.75, ...
 -6.75, ...
 -6.75, ...
 -6.75, ...
 -6.75, ...
 -7.50, ...
 -8.25, ...
 -9.00, ...
 -9.75, ...
-10.50, ...
-11.25, ...
-12.00, ...
-12.75, ...
-13.50 ...
];